fecha	objective	metric	first_metric_only	boost_from_average	feature_pre_filter	verbosity	max_depth	max_bin	num_iterations	force_row_wise	seed	learning_rate	lambda_l1	lambda_l2	min_gain_to_split	feature_fraction	min_data_in_leaf	num_leaves	envios	ganancia	iteracion
20240520 200744	binary	custom	TRUE	TRUE	FALSE	-100	-1	31	128	TRUE	445679	0.0768384431346931	5.94743052744889	5.89282567838382	0.552468185262114	0.582996824954171	866	273	11468	59325000	1
20240520 200817	binary	custom	TRUE	TRUE	FALSE	-100	-1	31	64	TRUE	445679	0.18043363839628	6.81559540404123	4.73690904080286	0.613628378196154	0.779961554013425	3900	649	8801	55680000	2
20240520 200849	binary	custom	TRUE	TRUE	FALSE	-100	-1	31	58	TRUE	445679	0.259253197624494	6.98605814635812	1.36549135859241	0.363211313662759	0.398969460534863	4355	360	11725	57465000	3
20240520 200957	binary	custom	TRUE	TRUE	FALSE	-100	-1	31	147	TRUE	445679	0.0714894951857423	4.10742334752285	3.32506755825307	0.759267095534597	0.372085513896309	5631	558	9327	56865000	4
20240520 201031	binary	custom	TRUE	TRUE	FALSE	-100	-1	31	108	TRUE	445679	0.192791735091232	1.79756202756835	5.99090202718799	0.325924846962153	0.723998246638803	3480	520	12343	60060000	5
20240520 201120	binary	custom	TRUE	TRUE	FALSE	-100	-1	31	84	TRUE	445679	0.187296264286197	3.57873329950962	4.49892942458973	0.743514056535787	0.480896626506001	5849	587	5063	49860000	6
20240520 201139	binary	custom	TRUE	TRUE	FALSE	-100	-1	31	51	TRUE	445679	0.215635222717028	3.8393034064211	1.81447377784934	0.669503425611765	0.698579838644946	1764	621	9499	57915000	7
20240520 201210	binary	custom	TRUE	TRUE	FALSE	-100	-1	31	82	TRUE	445679	0.125187963152421	8.21719648440194	6.90520064723387	0.218324100518657	0.853329922747798	422	685	12096	58875000	8
20240520 201229	binary	custom	TRUE	TRUE	FALSE	-100	-1	31	51	TRUE	445679	0.219019204531141	3.05193800733832	7.77617903018836	0.807583991634601	0.907437131245388	4505	395	7451	54450000	9
20240520 201434	binary	custom	TRUE	TRUE	FALSE	-100	-1	31	389	TRUE	445679	0.042096950283958	1.90948976989603	4.30135971895652	0.181789267488057	0.608714202401461	5387	392	8052	58170000	10
20240520 201504	binary	custom	TRUE	TRUE	FALSE	-100	-1	31	50	TRUE	445679	0.287711815876464	8.92079000230297	6.36177673892234	0.399695328538655	0.428204420709517	1468	299	11234	56430000	11
20240520 201710	binary	custom	TRUE	TRUE	FALSE	-100	-1	31	395	TRUE	445679	0.0491881122093764	0.0713923935109051	3.8571103043796	0.153514947756776	0.652324307453819	2936	797	12926	59505000	12
20240520 201737	binary	custom	TRUE	TRUE	FALSE	-100	-1	31	58	TRUE	445679	0.100486304519582	5.4120840838732	8.81740034928953	0.904024234805547	0.847804496629396	1639	493	8642	57840000	13
20240520 201820	binary	custom	TRUE	TRUE	FALSE	-100	-1	31	100	TRUE	445679	0.143077693894011	7.89140996603237	5.43318304313289	0.41962100831006	0.570797261263942	6862	734	10122	58200000	14
20240520 201857	binary	custom	TRUE	TRUE	FALSE	-100	-1	31	68	TRUE	445679	0.249983776727604	3.42080684094981	9.13563679467188	0.123494327373919	0.231431941187475	2056	479	7784	56100000	15
20240520 201924	binary	custom	TRUE	TRUE	FALSE	-100	-1	31	96	TRUE	445679	0.111944664261537	6.26734337987727	2.03931964286312	0.971122047696554	0.64986816245364	6150	177	12727	57705000	16
20240520 201952	binary	custom	TRUE	TRUE	FALSE	-100	-1	31	48	TRUE	445679	0.274097950963333	4.95098454011895	8.35317679229775	0.936808428436052	0.340530499321176	3634	162	14372	56490000	17
20240520 202033	binary	custom	TRUE	TRUE	FALSE	-100	-1	31	64	TRUE	445679	0.230759560050792	4.63667548639933	0.405669896135805	0.062853018855094	0.304599140561186	706	934	13441	56400000	18
20240520 202107	binary	custom	TRUE	TRUE	FALSE	-100	-1	31	83	TRUE	445679	0.0841488926141756	2.48255653954402	2.76557254874206	0.698717943632801	0.941316126141464	3004	752	6676	54375000	19
20240520 202501	binary	custom	TRUE	TRUE	FALSE	-100	-1	31	497	TRUE	445679	0.0161102690086409	7.781080814093	0.841715953501989	0.282020697348344	0.549399499199353	4006	115	8383	56940000	20
20240520 202812	binary	custom	TRUE	TRUE	FALSE	-100	-1	31	450	TRUE	445679	0.0321474408007634	1.08380163634138	9.62201098074729	0.465473261465377	0.420534841920016	1145	234	10703	60060000	21
20240520 202843	binary	custom	TRUE	TRUE	FALSE	-100	-1	31	41	TRUE	445679	0.267902264494551	1.53243171604117	3.48112214342109	0.946539913871675	0.514792555454187	4879	1009	7145	53925000	22
20240520 202905	binary	custom	TRUE	TRUE	FALSE	-100	-1	31	72	TRUE	445679	0.166823076488872	5.75054990149511	7.86952952956199	0.823110506462399	0.765719838475343	6364	980	14791	56430000	23
20240520 202940	binary	custom	TRUE	TRUE	FALSE	-100	-1	31	143	TRUE	445679	0.130372719170773	9.59186912732548	6.68914183785091	0.220972431707196	0.80285746701411	7622	239	14474	57270000	24
20240520 203206	binary	custom	TRUE	TRUE	FALSE	-100	-1	31	331	TRUE	445679	0.0219107104402792	9.95305687334621	0.243369303134386	0.857251538909622	0.298333109420491	5079	902	5806	52185000	25
20240520 203237	binary	custom	TRUE	TRUE	FALSE	-100	-1	31	95	TRUE	445679	0.158453612059602	2.50413431371271	3.02742408632184	0.485763796932588	0.876394553220598	2325	77	13346	57765000	26
20240520 203311	binary	custom	TRUE	TRUE	FALSE	-100	-1	31	44	TRUE	445679	0.241111730624325	5.05212589472649	2.3032605512708	0.0354329123947537	0.220733182231197	2568	27	6077	51015000	27
20240520 203503	binary	custom	TRUE	TRUE	FALSE	-100	-1	31	434	TRUE	445679	0.0597166704774281	0.73215497774072	8.60049595008604	0.251275767368497	0.971573658747366	7404	865	10472	59310000	28
20240520 203528	binary	custom	TRUE	TRUE	FALSE	-100	-1	31	55	TRUE	445679	0.293733403323931	8.54496760010079	1.21850525087211	0.0118431465307367	0.982410807738779	6547	890	6409	52905000	29
20240520 203552	binary	custom	TRUE	TRUE	FALSE	-100	-1	31	43	TRUE	445679	0.108732052745036	9.07493965794856	9.79048649183824	0.636587796449021	0.728597986395471	7145	99	5383	50220000	30
20240520 203638	binary	custom	TRUE	TRUE	FALSE	-100	-1	31	100	TRUE	445679	0.20677809180037	0.364190259933821	7.40251473158423	0.505422753405583	0.264359833981143	7840	426	13765	57225000	31
20240520 203714	binary	custom	TRUE	TRUE	FALSE	-100	-1	31	36	TRUE	445679	0.148161325462934	7.25308841712831	5.1985023416637	0.582320228262688	0.465144609787967	27	830	9945	59325000	32
20240520 203920	binary	custom	TRUE	TRUE	FALSE	-100	-1	31	128	TRUE	445679	0.0526039476307561	0.71116348764512	7.41330456192214	0.17300790161712	0.632975470834854	5	612	10206	60705000	33
20240520 204042	binary	custom	TRUE	TRUE	FALSE	-100	-1	31	103	TRUE	445679	0.1218484245682	0.0461909239512283	7.68643633251856	0.478715667803688	0.623970243279852	267	880	10725	60105000	34
20240520 204255	binary	custom	TRUE	TRUE	FALSE	-100	-1	31	529	TRUE	445679	0.0472532361123527	0.555601627974636	6.35387746600689	0.0341502038797572	0.706246429386401	4390	447	11693	60450000	35
20240520 204856	binary	custom	TRUE	TRUE	FALSE	-100	-1	31	995	TRUE	445679	0.0101699389975621	2.79216084684279	9.61079814132809	0.231021150300876	0.604358776192991	1052	743	9966	60945000	36
20240520 205519	binary	custom	TRUE	TRUE	FALSE	-100	-1	31	762	TRUE	445679	0.0100546613062952	2.38393034589687	4.4214538012669	0.231515498503999	0.663461245969807	1579	740	10506	59445000	37
20240520 205644	binary	custom	TRUE	TRUE	FALSE	-100	-1	31	111	TRUE	445679	0.0596027635705925	0.911651822903502	9.99076328457661	0.0827843365642953	0.607190354056951	694	467	9807	60465000	38
20240520 205920	binary	custom	TRUE	TRUE	FALSE	-100	-1	31	483	TRUE	445679	0.0399598091462868	0.84688659084688	9.993181947311	0.335748287184775	0.623440288738452	2420	583	12123	59760000	39
20240520 210037	binary	custom	TRUE	TRUE	FALSE	-100	-1	31	73	TRUE	445679	0.0590972617159629	3.39843801659968	9.20518233333572	0.307502961020014	0.394618913410145	2	750	9982	58860000	40
20240520 210743	binary	custom	TRUE	TRUE	FALSE	-100	-1	31	886	TRUE	445679	0.0104617749213309	0.601305755082649	8.92554292871488	0.299887995377837	0.698461783358884	764	544	9875	60855000	41
20240520 211359	binary	custom	TRUE	TRUE	FALSE	-100	-1	31	1162	TRUE	445679	0.0147252197140248	0.756750866378659	9.37840786956322	0.197592726041679	0.606732050249642	4303	330	10228	59565000	42
20240520 211906	binary	custom	TRUE	TRUE	FALSE	-100	-1	31	604	TRUE	445679	0.0107366255810957	0.59752925248253	9.48580987600203	0.484568535595265	0.605012224401739	5	710	9457	60555000	43
20240520 212222	binary	custom	TRUE	TRUE	FALSE	-100	-1	31	437	TRUE	445679	0.0182616029551213	2.10698271657029	9.95989103538252	0.149542368407359	0.778239492483374	237	805	9965	60705000	44
20240520 212421	binary	custom	TRUE	TRUE	FALSE	-100	-1	31	264	TRUE	445679	0.0135738904934796	3.971998359351	9.50976099050222	0.950287587785673	0.627477096231947	350	595	9995	58215000	45
20240520 212505	binary	custom	TRUE	TRUE	FALSE	-100	-1	31	56	TRUE	445679	0.14928803225686	0.0101890923234319	6.38203180636844	0.426559691283107	0.57102348144328	551	455	11195	59895000	46
20240520 212757	binary	custom	TRUE	TRUE	FALSE	-100	-1	31	339	TRUE	445679	0.0272695331679621	1.66678284846533	8.27509600868014	0.160024178430587	0.648741695991743	395	836	9299	61035000	47
20240520 213449	binary	custom	TRUE	TRUE	FALSE	-100	-1	31	1024	TRUE	445679	0.0142153972225382	0.636938046261084	9.60316920793447	0.158767908191634	0.66326012734439	1043	853	9658	61155000	48
20240520 213700	binary	custom	TRUE	TRUE	FALSE	-100	-1	31	245	TRUE	445679	0.121363880859735	0.0446460558324518	8.05698096164609	0.000945381430349647	0.721125136949955	7291	843	12114	59310000	49
20240520 213826	binary	custom	TRUE	TRUE	FALSE	-100	-1	31	274	TRUE	445679	0.0440611728605103	2.09138338598531	9.31179383592999	0.251279545187615	0.682483310775239	1196	853	9668	60645000	50
20240520 214332	binary	custom	TRUE	TRUE	FALSE	-100	-1	31	324	TRUE	445679	0.0145279794463159	1.86684980908089	8.87187793520136	0.00597435811071744	0.593267455864528	9	361	9265	60165000	51
20240520 214442	binary	custom	TRUE	TRUE	FALSE	-100	-1	31	172	TRUE	445679	0.073779876438796	0.0647773918019665	8.22859529808305	0.0477344883999228	0.936847634936905	961	488	11507	61485000	52
20240520 215018	binary	custom	TRUE	TRUE	FALSE	-100	-1	31	712	TRUE	445679	0.0146072225620375	0.00896657220575216	8.58968020506796	0.284088712784769	0.974080255417794	301	375	11232	61110000	53
20240520 215148	binary	custom	TRUE	TRUE	FALSE	-100	-1	31	143	TRUE	445679	0.0741856446702575	0.170205304758025	8.41265995415517	0.0944468529941539	0.964143050402623	517	494	9918	60015000	54
20240520 215403	binary	custom	TRUE	TRUE	FALSE	-100	-1	31	390	TRUE	445679	0.034955029648821	0.00117653929443685	8.60839038644757	0.253074283026438	0.921890860349775	2170	505	11704	60060000	55
20240520 215944	binary	custom	TRUE	TRUE	FALSE	-100	-1	31	805	TRUE	445679	0.0173291424491746	1.86307458905169	9.72261092145044	0.0133368371646184	0.914455859944999	194	114	11495	61995000	56
20240520 220150	binary	custom	TRUE	TRUE	FALSE	-100	-1	31	53	TRUE	445679	0.172634847029108	0.268769785356274	8.62486139553734	0.00128284259893305	0.998457504310367	353	141	11883	60120000	57
20240520 220628	binary	custom	TRUE	TRUE	FALSE	-100	-1	31	458	TRUE	445679	0.0119526039109347	6.1334516974901	8.78273399998761	0.0158406062303182	0.998549043811992	79	85	11467	61365000	58
20240520 221103	binary	custom	TRUE	TRUE	FALSE	-100	-1	31	628	TRUE	445679	0.019436121722204	0.44813674535685	4.02844843582926	0.0256198278826742	0.980657884382562	170	73	11454	60930000	59
20240520 221608	binary	custom	TRUE	TRUE	FALSE	-100	-1	31	468	TRUE	445679	0.0312047728173872	2.3367283118658	9.76566095475637	0.00018150941577096	0.71615771440391	86	277	12418	61155000	60
20240520 221929	binary	custom	TRUE	TRUE	FALSE	-100	-1	31	329	TRUE	445679	0.0448898087549288	2.41212392045785	8.80342252003014	0.00299101876919988	0.910288757385949	159	232	11314	61470000	61
20240520 222010	binary	custom	TRUE	TRUE	FALSE	-100	-1	31	74	TRUE	445679	0.240234135329072	0.182393454630099	4.4828696466377	0.00397042916959968	0.700531734631752	2042	517	12834	59430000	62
20240520 222534	binary	custom	TRUE	TRUE	FALSE	-100	-1	31	532	TRUE	445679	0.0127178970861377	0.111054063462278	6.31048651580671	0.090276302938648	0.5585532330685	18	61	11794	60510000	63
20240520 223350	binary	custom	TRUE	TRUE	FALSE	-100	-1	31	701	TRUE	445679	0.0104322348113705	0.430103593375213	9.42257371435932	0.00174894840419059	0.86358531418734	60	371	13429	60285000	64
20240520 223412	binary	custom	TRUE	TRUE	FALSE	-100	-1	31	46	TRUE	445679	0.193277470625598	0.00258234465389144	9.21452342046125	0.848694504391974	0.998469305291722	24	529	11225	58125000	65
20240520 223441	binary	custom	TRUE	TRUE	FALSE	-100	-1	31	42	TRUE	445679	0.213217654248841	1.01260269326409	0.0334960348666892	0.690611629895854	0.555768241378975	1418	1017	12355	57375000	66
20240520 223629	binary	custom	TRUE	TRUE	FALSE	-100	-1	31	138	TRUE	445679	0.0911551500482172	0.304127665052084	7.51031657310669	0.017679610829566	0.689995603256058	8	531	12324	6e+07	67
20240520 223931	binary	custom	TRUE	TRUE	FALSE	-100	-1	31	703	TRUE	445679	0.0107124369069187	1.50493285317579	9.22673648890993	0.00064101728534571	0.983587128403253	6968	606	11515	57375000	68
20240520 224102	binary	custom	TRUE	TRUE	FALSE	-100	-1	31	390	TRUE	445679	0.0731016401596218	0.61581656754568	9.9052012296193	0.0376682367953895	0.843231485492093	3592	39	11600	60720000	69
20240520 224131	binary	custom	TRUE	TRUE	FALSE	-100	-1	31	56	TRUE	445679	0.202695250883262	0.233696610727007	8.95423070546466	0.000681772232281038	0.651529797336791	2301	811	10880	59760000	70
20240520 224217	binary	custom	TRUE	TRUE	FALSE	-100	-1	31	141	TRUE	445679	0.10285636504138	0.986625470669706	0.759614039047077	0.0094504024754498	0.976907702525096	2687	303	11394	60750000	71
20240520 224248	binary	custom	TRUE	TRUE	FALSE	-100	-1	31	117	TRUE	445679	0.220137155035948	1.47632509805756	5.6908526066641	0.0428298656284056	0.999371360711847	7472	413	11835	59175000	72
20240520 224711	binary	custom	TRUE	TRUE	FALSE	-100	-1	31	734	TRUE	445679	0.0115648183560374	9.09996998143164	9.9826591779149	0.00945907059764381	0.696056122786852	197	122	11369	60345000	73
20240520 225405	binary	custom	TRUE	TRUE	FALSE	-100	-1	31	2315	TRUE	445679	0.0105443234313609	2.48841822418262	9.97693031331035	0.215182419132602	0.715295196922182	309	20	12641	61320000	74
20240520 225445	binary	custom	TRUE	TRUE	FALSE	-100	-1	31	87	TRUE	445679	0.142016191485077	0.930946758160131	1.57193737356844	0.0382106242071881	0.82980527030949	1388	940	10962	60960000	75
20240520 225553	binary	custom	TRUE	TRUE	FALSE	-100	-1	31	273	TRUE	445679	0.0857581693425946	0.711401810918702	0.799341015316282	0.102295105627022	0.666681022090506	4577	994	11068	59685000	76
20240520 225630	binary	custom	TRUE	TRUE	FALSE	-100	-1	31	75	TRUE	445679	0.188191831370567	2.3574224292194	0.259256802936848	0.0280811252112275	0.837909160570519	652	491	11451	59130000	77
20240520 225802	binary	custom	TRUE	TRUE	FALSE	-100	-1	31	254	TRUE	445679	0.0597303842777995	1.44028561953033	6.91452809706892	0.0303688305550937	0.997710908990901	981	127	12506	60765000	78
20240520 230144	binary	custom	TRUE	TRUE	FALSE	-100	-1	31	1150	TRUE	445679	0.017905601538146	4.78360876598092	9.92050447931357	0.0959295348828878	0.66541076924875	21	21	14881	59160000	79
20240520 230217	binary	custom	TRUE	TRUE	FALSE	-100	-1	31	56	TRUE	445679	0.126840351665158	0.671405171835799	7.92470250747647	0.00894223530830265	0.996235850782531	1650	462	11150	60630000	80
20240520 230312	binary	custom	TRUE	TRUE	FALSE	-100	-1	31	153	TRUE	445679	0.135408322816677	0.970281070126547	3.38202868544226	0.000993208745433525	0.626646261477571	1500	1006	9549	60645000	81
20240520 230335	binary	custom	TRUE	TRUE	FALSE	-100	-1	31	36	TRUE	445679	0.218010123538024	3.33459786274139	9.71920254041228	0.0233394610629695	0.647825077023917	1184	33	12217	59835000	82
20240520 230410	binary	custom	TRUE	TRUE	FALSE	-100	-1	31	117	TRUE	445679	0.221230800643226	8.5968961774687	9.95027871613915	0.00402874649929041	0.99951779485068	3279	428	13023	59460000	83
20240520 230511	binary	custom	TRUE	TRUE	FALSE	-100	-1	31	68	TRUE	445679	0.0652259800570806	0.0905987810067666	5.27445815893666	0.0359256882398915	0.810800030402968	310	355	11389	60165000	84
20240520 230548	binary	custom	TRUE	TRUE	FALSE	-100	-1	31	127	TRUE	445679	0.12221882777944	0.11029515996683	1.10851306239594	0.362654676390157	0.998205781765622	1288	995	10503	59940000	85
20240520 230924	binary	custom	TRUE	TRUE	FALSE	-100	-1	31	564	TRUE	445679	0.0275409634785033	2.50026041507847	9.81769564482081	0.00577713421416357	0.446756059468225	1771	37	13066	61005000	86
20240520 231216	binary	custom	TRUE	TRUE	FALSE	-100	-1	31	538	TRUE	445679	0.0450225206938129	3.44579648609077	0.00796740783665869	0.000426238939374684	0.552334807741584	6745	29	13351	58110000	87
20240520 231315	binary	custom	TRUE	TRUE	FALSE	-100	-1	31	120	TRUE	445679	0.143694671439199	2.46616726274109	1.94430781699314	0.00402490568869654	0.482174488266966	2276	823	10848	59505000	88
20240520 231857	binary	custom	TRUE	TRUE	FALSE	-100	-1	31	639	TRUE	445679	0.0102786593442494	1.12784010331971	9.99663537733371	0.249088360674896	0.306599688168916	24	154	12935	60315000	89
20240520 231936	binary	custom	TRUE	TRUE	FALSE	-100	-1	31	120	TRUE	445679	0.204799303751954	0.643820155652446	9.67810975262744	0.137754646039675	0.998109127637876	2340	1019	12588	60285000	90
20240520 232010	binary	custom	TRUE	TRUE	FALSE	-100	-1	31	81	TRUE	445679	0.266731878007082	0.677280358568719	9.97517178873535	0.144162089759331	0.905167153533186	3673	930	12251	59370000	91
20240520 232111	binary	custom	TRUE	TRUE	FALSE	-100	-1	31	242	TRUE	445679	0.136086368884173	4.14112634992306	2.16320498082219	0.000381516303617781	0.998598764235786	3331	1002	11606	60345000	92
20240520 232143	binary	custom	TRUE	TRUE	FALSE	-100	-1	31	100	TRUE	445679	0.232883670631968	3.07271597997407	9.9900697152373	0.0293798643264067	0.944111807218338	3094	204	14976	58155000	93
20240520 232323	binary	custom	TRUE	TRUE	FALSE	-100	-1	31	319	TRUE	445679	0.0474776932043515	7.75209815928625	8.94398543198354	0.0120878956337989	0.202053121179529	3031	16	12652	58170000	94
20240520 233738	binary	custom	TRUE	TRUE	FALSE	-100	-1	31	1706	TRUE	445679	0.0105942855248417	2.26354466668252	9.9946820358762	0.00777759514209708	0.522953113627266	81	964	13219	60915000	95
20240520 234658	binary	custom	TRUE	TRUE	FALSE	-100	-1	31	1362	TRUE	445679	0.0102408234532989	0.121603021110264	8.9353061702297	9.36488418644581e-05	0.397083827615494	1130	947	14987	59565000	96
20240520 234853	binary	custom	TRUE	TRUE	FALSE	-100	-1	31	412	TRUE	445679	0.0645480491971213	1.89315695812366	9.99086150710473	0.000367065542428806	0.651684827991615	3917	1024	13834	59070000	97
20240520 235004	binary	custom	TRUE	TRUE	FALSE	-100	-1	31	195	TRUE	445679	0.0999866083213966	1.40196872930497	3.09160477987335	0.00421742485732134	0.952759926748634	3176	904	11161	61200000	98
20240520 235027	binary	custom	TRUE	TRUE	FALSE	-100	-1	31	48	TRUE	445679	0.24139712515576	0.11228617048694	9.99751974568964	0.341991651235052	0.75342224102668	7940	28	12811	59010000	99
20240520 235732	binary	custom	TRUE	TRUE	FALSE	-100	-1	31	1222	TRUE	445679	0.010081154717885	0.688068923225547	8.19083384101918	0.000157408364830983	0.200617112180267	3022	1013	13243	58560000	100
20240521 000355	binary	custom	TRUE	TRUE	FALSE	-100	-1	31	969	TRUE	445679	0.010748131519164	0.952150967011117	9.98065677851047	0.861888320477917	0.473627544344636	159	24	13508	59565000	101
20240521 000852	binary	custom	TRUE	TRUE	FALSE	-100	-1	31	964	TRUE	445679	0.0125761082274779	2.69685057395836	9.99804721925844	0.178581622961841	0.673503055498651	18	26	11374	60450000	102
20240521 002012	binary	custom	TRUE	TRUE	FALSE	-100	-1	31	1353	TRUE	445679	0.0100091061279307	6.13929141668596	8.74638514880454	0.0275410710973963	0.490010500916571	356	346	12805	59505000	103
20240521 002133	binary	custom	TRUE	TRUE	FALSE	-100	-1	31	209	TRUE	445679	0.102779105813208	0.834247118877944	7.9251557019039	0.190135260123183	0.417373461831599	2562	17	12120	59280000	104
20240521 002329	binary	custom	TRUE	TRUE	FALSE	-100	-1	31	189	TRUE	445679	0.0352284662154708	0.00337966319615589	9.15641753340883	0.351516968406591	0.403855387021771	473	122	13985	60045000	105
20240521 002415	binary	custom	TRUE	TRUE	FALSE	-100	-1	31	159	TRUE	445679	0.174609921934896	1.78165860459202	9.90644041195742	0.000352798549464388	0.661860278509697	3614	211	13086	59025000	106
20240521 002441	binary	custom	TRUE	TRUE	FALSE	-100	-1	31	81	TRUE	445679	0.299205631476093	2.99726532358181	6.25279551115089	0.0320504222131025	0.994514370750314	2690	19	12577	58995000	107
20240521 003035	binary	custom	TRUE	TRUE	FALSE	-100	-1	31	1360	TRUE	445679	0.0101590640893482	8.43724284957598	9.79646914768733	0.0583181942683962	0.625091496725978	241	1021	9060	59220000	108
20240521 003121	binary	custom	TRUE	TRUE	FALSE	-100	-1	31	98	TRUE	445679	0.191550098401822	0.0542963496161946	9.64936509323549	0.530256647349236	0.200334570018508	489	983	10025	58485000	109
20240521 003152	binary	custom	TRUE	TRUE	FALSE	-100	-1	31	66	TRUE	445679	0.164806962613119	3.64435295680887	7.7832326026886	0.995999016195311	0.245968604806197	61	18	10718	57495000	110
20240521 003228	binary	custom	TRUE	TRUE	FALSE	-100	-1	31	93	TRUE	445679	0.228055163810145	0.0643757792878586	9.82287259885302	0.248992588987775	0.911823862675931	1848	243	12326	59505000	111
20240521 004110	binary	custom	TRUE	TRUE	FALSE	-100	-1	31	1159	TRUE	445679	0.010516687588154	0.0777125547131887	5.59289494911636	0.0502381734415834	0.40043394492505	1684	62	13051	59970000	112
20240521 004144	binary	custom	TRUE	TRUE	FALSE	-100	-1	31	107	TRUE	445679	0.223654429755632	9.97096523033967	3.56362987404678	0.0665154078919892	0.70148576279996	6713	16	12310	57990000	113
20240521 004223	binary	custom	TRUE	TRUE	FALSE	-100	-1	31	122	TRUE	445679	0.298577500732975	0.271053052473738	2.88365333122849	0.014306618586465	0.999450164292039	6136	904	14054	58410000	114
20240521 004436	binary	custom	TRUE	TRUE	FALSE	-100	-1	31	683	TRUE	445679	0.0155206448901794	7.64528266041664	9.98039162678618	0.447859685496551	0.946892253479228	1188	17	10984	58380000	115
20240521 004504	binary	custom	TRUE	TRUE	FALSE	-100	-1	31	48	TRUE	445679	0.195487648814568	1.1674630647223	6.43735835719774	0.171718864082319	0.93970610694351	415	1001	11314	59550000	116
20240521 004519	binary	custom	TRUE	TRUE	FALSE	-100	-1	31	35	TRUE	445679	0.299964484961059	9.57485982891802	9.47848365156411	0.8781344929211	0.99951944618196	7067	605	13384	56340000	117
20240521 004657	binary	custom	TRUE	TRUE	FALSE	-100	-1	31	279	TRUE	445679	0.0903900461343029	1.32745168128943	0.733100850697471	0.000352499278725033	0.998998152868333	770	970	11426	61485000	118
20240521 004808	binary	custom	TRUE	TRUE	FALSE	-100	-1	31	178	TRUE	445679	0.073857208641845	1.34617502270553	0.285883425052484	0.000600496456155257	0.981978774871636	1148	943	10509	60885000	119
20240521 005532	binary	custom	TRUE	TRUE	FALSE	-100	-1	31	1430	TRUE	445679	0.0158588432933274	0.56936739723796	8.66643980818115	0.542283822299137	0.435005893059428	6160	216	13060	58740000	120
20240521 005632	binary	custom	TRUE	TRUE	FALSE	-100	-1	31	92	TRUE	445679	0.144904020406098	2.60205646491782	8.7274916795595	0.0923715719542623	0.610049299438429	107	1023	10110	60990000	121
20240521 005738	binary	custom	TRUE	TRUE	FALSE	-100	-1	31	144	TRUE	445679	0.15020978339831	2.65469033306869	9.43217938232363	0.0350481846296562	0.657159404304352	143	1020	11654	59010000	122
20240521 005836	binary	custom	TRUE	TRUE	FALSE	-100	-1	31	68	TRUE	445679	0.147931539613327	0.209486308182565	7.99515116263877	0.283351282061704	0.552779659610405	794	704	9465	60165000	123
20240521 005921	binary	custom	TRUE	TRUE	FALSE	-100	-1	31	60	TRUE	445679	0.235822573806175	2.93539986564853	9.89240173050354	0.153099922313953	0.531721788794466	576	1024	9763	59280000	124
20240521 010056	binary	custom	TRUE	TRUE	FALSE	-100	-1	31	283	TRUE	445679	0.121234069566851	0.97953437681584	0.261581937115387	0.00100482732667184	0.922687820248986	2396	940	12548	60045000	125
20240521 010202	binary	custom	TRUE	TRUE	FALSE	-100	-1	31	206	TRUE	445679	0.124182241324642	2.64995295979018	0.840849761269101	0.0714199318102375	0.714605844992236	1923	778	10240	60120000	126
20240521 010233	binary	custom	TRUE	TRUE	FALSE	-100	-1	31	76	TRUE	445679	0.218646699638098	0.143305188043885	6.81299233685273	0.994469038752142	0.60314982016866	4439	29	11621	58020000	127
20240521 010320	binary	custom	TRUE	TRUE	FALSE	-100	-1	31	135	TRUE	445679	0.299826958663241	0.0566450063466174	3.88504868321759	0.0171875176675091	0.2020272473761	6731	1021	10131	59250000	128
20240521 010347	binary	custom	TRUE	TRUE	FALSE	-100	-1	31	62	TRUE	445679	0.161632962623352	0.881627556918804	7.18079307186911	0.000989339252363304	0.608784414671584	7827	1024	9947	57045000	129
20240521 010435	binary	custom	TRUE	TRUE	FALSE	-100	-1	31	208	TRUE	445679	0.0864274719186877	9.45329493598468	7.54846264636722	0.0132521906604984	0.99463155467373	7200	161	11704	58020000	130
20240521 010501	binary	custom	TRUE	TRUE	FALSE	-100	-1	31	50	TRUE	445679	0.297215489609824	0.697844781758686	0.284993154664204	0.912814959365893	0.200037023612223	7920	655	10741	57540000	131
20240521 010737	binary	custom	TRUE	TRUE	FALSE	-100	-1	31	649	TRUE	445679	0.0270810159992307	0.685795337288714	9.35855560204834	0.000807643531432797	0.680616219778	3604	40	13112	60030000	132
20240521 011126	binary	custom	TRUE	TRUE	FALSE	-100	-1	31	346	TRUE	445679	0.0254439298300115	3.7465612698732	8.37705445250054	0.0148718744228942	0.55670880046039	49	999	9969	61185000	133
20240521 011209	binary	custom	TRUE	TRUE	FALSE	-100	-1	31	125	TRUE	445679	0.268512654137831	8.17747907668004	9.75717612731772	0.0278468832067154	0.20060398558646	4111	940	10580	58620000	134
20240521 011244	binary	custom	TRUE	TRUE	FALSE	-100	-1	31	84	TRUE	445679	0.297508185241171	0.143209329765721	9.592326170797	0.242707408463137	0.200187548078581	4778	233	12054	58410000	135
20240521 011801	binary	custom	TRUE	TRUE	FALSE	-100	-1	31	506	TRUE	445679	0.0246800963665535	0.0376773772771259	6.6632790517158	0.0362187476205221	0.588066658602105	71	1009	9849	60225000	136
20240521 011906	binary	custom	TRUE	TRUE	FALSE	-100	-1	31	112	TRUE	445679	0.104409739018294	5.11666773070526	9.26568334860182	0.0928773311474311	0.557317011597997	14	890	10076	59055000	137
20240521 012003	binary	custom	TRUE	TRUE	FALSE	-100	-1	31	165	TRUE	445679	0.0775572634257726	4.03289256656777	0.36152417590063	0.0908400173938534	0.999995102559252	1511	776	11678	59655000	138
20240521 012045	binary	custom	TRUE	TRUE	FALSE	-100	-1	31	123	TRUE	445679	0.086320070843745	0.235136537950483	9.70964783607072	0.650484499396265	0.999104884008348	380	104	11621	59460000	139
20240521 012152	binary	custom	TRUE	TRUE	FALSE	-100	-1	31	193	TRUE	445679	0.299694255452141	1.66588842611397	9.65905998549842	0.00223612548905179	0.497814930042939	7102	909	12727	58665000	140
20240521 012216	binary	custom	TRUE	TRUE	FALSE	-100	-1	31	68	TRUE	445679	0.140709944177025	2.0409797896258	6.87421410218498	0.961094093474368	0.633623922356451	61	564	10044	57600000	141
20240521 012500	binary	custom	TRUE	TRUE	FALSE	-100	-1	31	474	TRUE	445679	0.0379372165275974	3.76878929360667	9.69627971444966	0.000108392392185865	0.582224077890903	1980	796	10713	60750000	142
20240521 012534	binary	custom	TRUE	TRUE	FALSE	-100	-1	31	53	TRUE	445679	0.140329029134726	9.97711757452799	8.41154714726301	0.521683810426763	0.538154355210438	670	18	11489	57945000	143
20240521 012619	binary	custom	TRUE	TRUE	FALSE	-100	-1	31	78	TRUE	445679	0.270222478828785	0.128422537545813	8.59010985230594	0.0481842386154602	0.362058750995352	1030	561	10402	58080000	144
20240521 012635	binary	custom	TRUE	TRUE	FALSE	-100	-1	31	22	TRUE	445679	0.299621055275456	0.270678780690301	1.57478488225568	0.0700644621864992	0.714089732990115	7158	793	11516	57375000	145
20240521 012659	binary	custom	TRUE	TRUE	FALSE	-100	-1	31	48	TRUE	445679	0.21993335573799	0.760446451076568	7.24388462929618	0.00249929222655307	0.993412468363458	4036	944	13548	58605000	146
20240521 012843	binary	custom	TRUE	TRUE	FALSE	-100	-1	31	298	TRUE	445679	0.0417063977336698	0.647708338055964	3.18135318786941	0.781252005514706	0.310563404327031	4108	16	14995	57495000	147
20240521 012916	binary	custom	TRUE	TRUE	FALSE	-100	-1	31	64	TRUE	445679	0.144201644003834	4.79556588364079	9.31799640344964	0.227380803634299	0.996253170468334	264	902	10340	59940000	148
20240521 012935	binary	custom	TRUE	TRUE	FALSE	-100	-1	31	54	TRUE	445679	0.213753350720135	5.9120457692022	9.9884824850251	0.445510784682469	0.714181962761744	2453	628	12167	57945000	149
20240521 013354	binary	custom	TRUE	TRUE	FALSE	-100	-1	31	723	TRUE	445679	0.0116145491510611	2.3134330884765	8.18252979345384	0.0412423172665891	0.887403437282765	456	60	11453	60690000	150
20240521 013600	binary	custom	TRUE	TRUE	FALSE	-100	-1	31	244	TRUE	445679	0.0268084252637107	0.00748880112361667	2.083618372534	0.00413730709261552	0.99908133096427	792	385	12312	60990000	151
20240521 013647	binary	custom	TRUE	TRUE	FALSE	-100	-1	31	104	TRUE	445679	0.113858375117088	1.38833350997153	3.51109462409682